79.839709 688.445921 1.739380
19.136935 25.961085 780.644455
24.766560 19.903543 786.000131
598.423480 80.266560 2.003786
605.667688 80.990143 1.983505
26.131120 18.461333 785.443533
79.806625 689.125723 1.754883
91.549903 224.341784 0.000000
79.642201 689.030700 1.747166
82.332672 652.239726 1.866260
17.457295 27.153770 785.701614
20.693224 23.899607 784.737778
19.327383 25.281724 785.814954
23.740307 21.006560 785.831288
80.438780 685.499332 1.776909
79.328933 689.041379 1.751953
17.441307 27.146812 785.848526
16.825923 27.790923 785.688762
19.105501 25.484822 785.904584
79.946337 689.167915 1.753775
79.529638 689.035731 1.746650
79.344788 689.091735 1.742362
79.712138 689.083362 1.740044
79.849073 688.781095 1.749932
80.246635 688.149297 1.775191
19.533878 25.071307 785.823224
18.197508 26.516302 783.619998
585.088694 86.840980 2.013020
609.562184 81.159716 1.980922
569.748696 83.734282 2.221107
84.086432 609.776087 1.821774
88.869506 558.468262 0.000000
81.429930 679.431717 1.792143
17.668524 26.949501 785.697025
19.115079 25.493465 785.861470
83.875977 572.027138 1.848828
79.658151 689.193832 1.754295
80.023198 689.112545 1.760622
16.397874 28.210920 785.686831
22.040309 22.565177 785.950119
19.511478 25.075205 785.952877
19.733822 24.839387 785.937650
609.504609 79.985480 1.974553
79.634779 587.603445 2.387055
107.763862 231.665063 0.000000
20.586362 24.021691 785.896519
21.614060 22.964085 785.954034
598.740365 83.590199 2.014258
23.502479 21.115341 785.991169
79.817525 688.679670 1.768160
79.491169 688.987300 1.749201
79.400111 688.187627 1.737782
20.972064 23.617144 786.038219
79.614686 689.190990 1.756729
46.258295 1.065101 776.882932
23.520670 21.179246 785.961403
569.839187 1.545993 82.704984
27.412903 17.279222 784.588002
48.538746 0.855204 766.526667
23.073936 21.524940 786.011497
29.106766 16.019357 780.988098
607.448244 81.505424 2.027737
82.530534 674.510942 1.794545
597.948116 85.275839 1.953897
559.718868 88.530747 2.051225
79.589347 688.992287 1.749653
80.314990 688.891487 1.762529
603.983113 80.393253 1.906539
80.144229 688.775594 1.763266
79.157402 688.877659 1.745476
19.754810 24.876318 785.777178
19.729964 24.850466 786.042942
510.719426 87.360770 2.249388
575.590200 85.244851 2.098293
608.830945 81.131270 1.921282
24.142616 20.549214 785.977392
16.810853 27.915284 785.643549
14.715993 29.871946 785.700070
17.025976 27.574954 785.815220
17.860551 26.733835 785.831973
596.919427 84.499279 1.972027
21.615073 22.965678 785.931992
19.084713 25.517425 785.990912
20.170834 24.436099 785.892317
20.987581 23.599844 785.958116
19.751031 24.866539 785.841673
78.963436 688.842051 1.743378
79.306234 689.120951 1.746557
79.340011 689.070637 1.746010
81.606276 681.939939 1.810306
79.348685 689.078532 1.751994
79.734619 689.089846 1.753632
600.558733 78.446555 2.173834
601.569428 78.327348 2.405787
608.851905 80.264504 1.940765
572.840128 86.176741 2.035028
21.201399 23.394987 785.915242
18.907231 25.699895 785.840812
21.996693 22.747677 783.580928
16.394004 28.199673 785.706704
25.575893 19.051617 786.011103
607.250367 82.073803 1.939922
572.322255 76.420915 7.254516
602.060133 79.238700 1.993830
610.068932 81.124440 1.917179
608.807167 80.833750 1.940962
101.516376 3.332824 198.534858
489.658730 2.727314 85.061078
591.134969 76.425624 5.619207
415.980185 1.987218 94.711442
101.230907 3.332813 198.813274
101.232629 3.332817 198.814117
101.231687 3.332815 198.813141
101.232315 3.332817 198.814055
101.233334 3.332813 198.815700
101.232192 3.332816 198.813223
101.232864 3.332813 198.815150
101.233612 3.332815 198.815168
19.745671 24.848119 785.898497
18.708473 25.911292 785.710505
79.902245 689.056774 1.746843
609.758962 81.610703 1.953424
79.425921 688.529837 1.750185
591.963510 82.450242 1.937631
608.637823 81.412401 1.920906
16.821198 27.779873 785.723250
572.797797 82.200622 2.036965
426.434705 98.443228 2.031387
80.589821 688.271701 1.772057
537.179477 90.778739 1.946783
69.093197 642.190756 12.818802
20.154829 24.423872 785.921323
23.652823 21.005801 784.301600
38.663285 592.383207 46.396640
262.341507 76.975192 2.161732
79.411731 689.118648 1.754692
86.647055 291.403626 0.000000
80.331522 689.003840 1.764848
79.373331 688.955388 1.746144
19.743402 24.857603 785.888278
79.715117 689.191379 1.755330
605.936792 80.243109 1.985697
578.530525 81.744763 2.091046
20.972391 23.598133 786.014879
610.650405 81.125576 1.909790
79.918101 688.526235 1.753925
507.369342 88.118670 2.101035
30.841457 13.999627 783.555624
79.472618 689.121072 1.752875
603.875989 79.129914 2.181730
82.905312 657.858777 1.830174
82.678887 663.141094 1.797887
26.432526 18.263404 785.968585
79.984801 689.210327 1.752427
607.536251 79.854477 1.998501
80.558176 687.330055 1.768938
80.158182 688.644935 1.754553
12.912235 31.856585 782.180094
81.224835 676.759494 1.815037
81.868665 683.147846 1.814245
19.745440 24.850006 785.898271
80.464343 688.211084 1.750496
80.115515 689.077785 1.762689
80.479026 688.855245 1.765992
85.389349 591.265842 1.918221
603.577975 79.194990 2.430641
83.105510 653.481671 1.740580
51.022001 649.398758 30.850608
21.175411 23.397186 786.038887
80.860582 555.612732 1.708338
80.368202 687.173486 1.759558
329.966291 99.968120 0.000000
46.546645 1.292493 772.369034
23.698493 20.908776 786.007583
21.629453 22.986857 785.908800
601.771373 84.021007 2.006369
20.059662 24.434638 785.680189
80.933006 683.881260 1.795628
79.987475 688.458102 1.753037
83.818761 612.103313 1.900680
19.648221 24.924322 785.383652
21.411272 23.188217 785.962393
79.642992 689.155728 1.748016
80.072658 683.837164 1.797940
79.603844 687.234708 1.737301
79.589142 688.851457 1.750172
19.966989 24.649079 785.821041
16.193389 29.122942 777.686938
594.763209 84.851555 2.031890
92.444638 391.190039 0.000000
609.612035 81.757773 1.952794
80.587623 687.033455 1.795669
606.339767 80.072944 2.149595
605.208596 83.508700 1.946569
605.757158 79.517020 1.943800
16.824785 27.785162 785.695323
81.160300 686.465985 1.789712
25.777944 18.843881 786.001895
610.466294 81.258622 1.954116
608.967702 80.286746 1.938107
79.777950 686.678032 1.741694
21.598852 22.988398 786.036531
79.519874 688.985737 1.766438
605.984211 79.491732 1.951755
608.126200 80.653126 1.993886
80.075127 688.025782 1.758868
40.711136 4.875510 781.077527
21.175675 23.381378 786.021760
82.565249 522.122130 1.872657
608.948534 81.221155 1.937638
79.076175 688.870368 1.758057
20.260240 24.296644 784.740738
17.242206 27.361782 785.702802
23.488712 21.123893 786.041230
21.310340 23.151412 785.806514
81.025023 679.427959 1.814714
563.338663 82.334007 2.147810
608.623442 80.252768 1.944501
608.233035 82.250962 1.936096
41.814081 4.290625 777.211065
596.031506 80.998255 2.070385
609.318497 81.662218 1.948326
603.848982 80.543385 2.027356
79.972476 688.563702 1.762466
79.728285 688.946180 1.757074
609.314912 81.455603 1.951957
80.061062 688.717008 1.751687
80.016552 688.953141 1.752702
17.156604 27.471995 785.158280
79.624161 689.216313 1.741235
601.422442 83.666824 2.040533
79.608082 689.134016 1.751893
540.145117 85.431928 2.187268
608.722075 81.139518 1.968574
35.782891 10.086123 775.358085
39.381887 12.357606 710.513866
25.362998 19.263519 786.005087
25.305823 19.299607 785.342259
122.556123 180.040310 0.000000
79.722522 688.168012 1.735057
80.720297 688.474106 1.770006
605.017264 82.160042 1.981650
80.569378 676.822880 1.824988
79.751083 689.226293 1.751364
605.814982 80.147262 1.994554
80.056554 689.122046 1.753959
79.750854 689.044259 1.761608
79.610382 688.733117 1.752347
607.184260 82.800100 1.938697
80.834831 684.722585 1.788192
31.063634 14.499621 777.229684
2.229687 62.076802 448.205058
79.250011 689.016795 1.740681
20.993915 23.613255 785.932941
607.523254 81.720705 1.935803
79.466396 689.136618 1.751222
605.739159 82.355505 1.910082
18.278818 26.327780 785.828139
18.294122 26.328658 785.692780
81.642685 628.025059 5.832640
610.613393 79.931667 1.919527
90.433617 250.631060 0.000000
9.295745 37.341693 767.756054
44.434215 1.928551 779.175052
23.226972 21.314927 786.019146
561.733344 85.138393 2.136227
15.351324 29.234434 785.689691
603.216410 81.845991 2.020150
601.348220 81.619745 2.039503
609.290530 79.759940 1.931986
595.838861 83.330506 2.035500
22.197017 22.364347 786.017225
30.969801 14.434632 778.816318
19.542355 25.081996 785.778179
17.460370 27.156433 785.713957
23.023656 21.574705 785.898776
44.928513 1.710553 776.063465
79.619708 689.081512 1.752980
22.455307 22.226666 785.928073
79.462781 688.937906 1.758567
79.318953 688.969804 1.760034
22.447142 22.144469 786.000160
608.659742 82.568934 1.912582
610.010668 81.392045 1.905048
607.759720 82.800772 1.939933
609.839549 81.553032 1.905012
79.362826 688.865856 1.753700
79.466534 689.030325 1.754948
602.718020 82.282864 1.837725
607.048874 82.465447 1.854994
19.732932 24.849000 785.978179
590.123337 82.798008 1.951881
21.403777 23.184065 785.949568
594.670038 81.411646 2.263451
79.506869 689.038475 1.751763
18.290550 26.333162 785.705574
22.866496 21.762419 786.013902
610.127329 82.270342 1.937460
603.967138 83.047668 2.001906
601.383871 79.030746 2.184060
606.387320 80.385017 1.955862
17.254617 27.365478 785.683882
169.807108 1.261564 150.629721
16.318650 28.569922 781.406119
7.253599 387.604963 153.705502
79.992214 688.399624 1.776800
609.151011 81.352190 1.910494
547.508390 91.073427 2.072316
18.819741 25.815306 784.698949
23.072354 21.535714 786.005384
32.518482 12.632290 781.997216
520.173663 1.176127 90.029376
25.441131 19.380809 785.718734
21.203751 23.387983 785.908370
17.248403 27.363649 785.690018
82.260260 679.409594 1.794482
18.238272 26.341500 785.999428
610.585970 80.959921 1.965721
581.388697 84.846151 2.068734
605.297538 81.770289 1.998331
592.448172 74.020016 6.587091
604.379479 80.016929 1.944920
608.447121 81.517921 1.952794
608.862770 81.633641 1.929892
610.766165 80.840121 1.911037
586.880299 60.138999 20.207820
582.999013 10.871059 69.890318
20.778063 23.814662 786.018118
19.127386 25.499028 785.758213
22.046946 22.592139 785.943722
66.067822 599.188001 18.299815
80.507703 687.280338 1.739168
22.587513 22.003708 784.570881
19.951032 24.643251 785.916321
79.724317 688.856567 1.746598
80.137558 688.847155 1.752027
17.034577 27.573772 785.722331
80.382887 609.217730 1.781127
79.653847 689.170759 1.757142
2.345710 186.830243 193.434869
19.532040 25.073345 785.830035
41.536296 4.257678 779.598626
79.893475 686.389289 1.727273
81.285388 675.282505 1.727395
79.531021 689.150525 1.743137
80.295486 686.555971 1.742209
80.649078 688.655655 1.766373
23.693978 20.972586 785.912048
605.210030 79.205801 1.987155
38.945013 6.320082 783.510163
22.230242 22.357253 786.017666
16.394221 28.206053 785.692600
601.330811 79.220452 2.156800
16.621098 28.738669 776.504011
80.216496 688.224340 1.764741
80.581751 685.976654 1.779663
79.571428 688.812747 1.742277
609.396928 81.320988 1.889653
609.061826 82.041029 1.908844
597.673991 79.649983 2.429822
606.871821 80.760051 1.996729
603.720032 82.522243 1.919228
604.882745 80.823211 1.890121
576.351202 83.182302 2.167492
597.696068 77.907587 2.421112
604.405891 81.487873 1.950071
607.125788 82.368095 1.912294
584.367163 86.657290 2.019633
27.679252 17.014599 785.985776
599.095040 83.018579 1.890796
80.720799 685.087227 1.798489
82.214410 686.136031 1.788531
17.021519 27.566793 785.830490
566.946115 85.681722 2.011994
605.849299 80.021761 1.940986
605.111606 79.452982 2.189005
18.277270 26.324039 785.854108
22.040193 22.588925 785.998280
608.727694 83.301295 1.916004
593.202448 83.502719 1.924641
14.508093 30.074105 785.698012
22.792732 21.775828 785.268554
79.414719 689.042558 1.753664
22.447335 22.136487 785.976224
79.573875 689.042832 1.741754
81.357026 676.833527 1.839749
21.987483 22.576669 786.015952
601.843481 82.269103 2.009872
87.409209 313.191485 0.000000
595.297227 78.754578 2.437132
79.568090 689.010521 1.758269
19.734456 24.850405 785.922627
79.791865 689.035159 1.757201
79.771221 689.081674 1.760135
79.723301 689.082899 1.763451
101.231637 3.332814 198.814337
19.117827 25.491248 785.840216
16.395753 28.203903 785.690261
79.570548 689.143211 1.754555
17.245082 27.363847 785.714449
610.387687 80.894608 1.923581
610.024168 81.646120 1.917986
45.147768 1.713085 775.133487
79.689408 688.985779 1.736490
80.253925 688.297297 1.768873
15.139472 29.454133 785.691867
605.508187 79.818166 2.026101
598.196963 74.197855 7.281918
576.801153 86.345418 2.158497
16.825780 27.786019 785.684491
17.874366 26.742938 785.709414
16.821330 27.791645 785.686475
15.345743 29.242288 785.678462
17.451662 27.152095 785.771161
18.686147 25.891881 785.873146
79.520004 689.128715 1.754820
26.898647 19.721451 764.114112
609.117171 81.757669 1.916150
604.984133 79.966394 1.984256
606.509582 84.051981 1.881986
79.315534 688.709330 1.758228
79.411798 688.735305 1.747011
592.850308 83.558524 2.002186
605.995472 82.252324 1.934924
84.057782 652.700265 1.868737
608.202100 82.318886 1.955810
79.548868 688.157578 1.744939
84.327483 677.000345 1.804585
597.980866 82.709778 1.912097
605.252404 81.473533 1.850179
17.255978 27.374834 785.695818
591.235801 86.304219 2.057769
608.972973 79.598665 1.959464
16.802750 27.785294 785.801652
0.339848 74.027172 435.030818
79.106834 688.808825 1.750141
79.158534 688.959183 1.747809
78.879603 688.531874 1.748644
79.660504 688.973877 1.769492
80.084634 688.888055 1.749416
19.735442 24.856469 785.982089
253.666474 86.477163 2.217124
79.523960 688.899871 1.761832
30.678844 14.238184 784.063754
19.746322 24.859720 785.818636
17.874394 26.741056 785.690422
575.177232 84.484051 2.068698
607.818079 82.363797 1.909022
21.194582 23.390332 785.949609
23.517508 21.154546 786.036262
19.749499 24.869257 785.910517
594.255634 83.610250 2.054336
44.715732 1.710739 778.395285
79.942596 689.118306 1.757904
79.276835 688.881633 1.749093
79.094069 688.859972 1.753539
609.022722 80.636495 1.965255
291.721910 0.830733 102.935916
83.284784 624.145290 1.883450
23.835282 20.721096 785.567573
16.398238 28.206188 785.687273
80.068227 689.033617 1.772892
609.731292 81.506777 1.897711
552.198192 87.908559 2.124970
606.375472 79.889026 1.990209
604.182953 79.694757 1.978137
22.029685 22.560841 786.001008
79.700966 689.100979 1.763157
27.480763 17.212993 785.979246
30.687894 14.176939 785.809487
79.745152 689.073250 1.751037
80.272483 688.909571 1.752603
31.820998 12.886042 785.068623
23.064857 21.516754 786.007538
22.235880 22.341956 785.975403
602.914805 83.153547 1.998026
88.511415 308.214213 0.000000
8.270366 413.769304 123.122816
21.622018 22.972018 785.916068
83.197357 568.360812 1.880241
80.122842 688.940013 1.749463
528.958665 89.831832 2.176825
17.251395 27.369377 785.698280
80.036091 689.100929 1.760089
81.028924 687.329727 1.757243
16.817835 27.776754 785.702675
17.036891 27.575826 785.691401
20.985643 23.597674 785.963634
16.504783 28.050178 785.268362
19.739711 24.845744 785.944425
26.691141 18.231380 783.256253
607.880161 80.731925 1.949190
47.927016 1.079623 767.207539
610.893514 81.336751 1.961451
609.896126 80.085599 1.937190
606.768884 79.796111 2.178825
38.562400 632.407581 44.540389
84.781570 626.579624 1.795076
79.821397 688.803507 1.773260
82.401412 681.245872 1.815596
17.244253 27.365021 785.719632
17.459227 27.166791 785.723671
608.416581 80.588284 1.973541
608.394471 81.452503 1.941206
605.057435 79.359123 2.150334
601.024185 81.247413 1.975682
40.525975 5.102224 780.107935
21.303153 23.152299 785.602617
598.024503 78.529966 2.400360
79.397580 689.022010 1.761674
604.344392 82.603939 1.972262
80.422568 688.822410 1.758705
47.304355 1.069379 767.599635
605.192156 81.524696 2.000680
19.754298 24.868346 785.817372
18.785816 25.672750 785.359851
43.194716 3.002907 777.652218
26.619976 18.022577 786.004103
23.213204 21.380378 785.084739
20.706417 23.920497 784.696078
24.532545 20.828519 777.402391
579.715767 86.615372 1.950911
526.675512 96.005977 2.206562
79.936809 688.939541 1.759898
80.067551 689.136136 1.754293
79.225005 689.000840 1.751575
14.429594 30.195972 785.130555
11.634989 33.188095 781.366008
80.313240 688.804603 1.777506
16.294914 28.452710 782.853177
6.089934 40.687456 755.855602
79.704879 689.007089 1.747421
21.814073 22.785955 786.046115
31.895226 13.282706 781.420275
602.276278 78.731128 2.200862
610.641934 80.726418 1.938524
598.903690 79.029488 2.403041
41.160332 4.455320 781.051195
26.538552 18.005132 785.936013
18.922166 25.711510 785.699158
604.325730 81.105621 2.022706
28.451999 16.232154 784.705532
15.976612 28.613772 785.696889
16.811664 27.781106 785.811025
14.930537 29.658890 785.685022
